0.15835659 0.016254663 0.050546408 0.075101055
0.85941917 0.07657027 0.05006975 0.07063511
0.87091935 0.18808302 0.017096817 0.025206
0.85871464 0.25523943 0.05198568 0.06793764
0.8581752 0.33925685 0.050904512 0.06955844
0.8598354 0.42721936 0.05298084 0.070732296
0.85940754 0.51951957 0.05153227 0.06857121
0.87104493 0.6234297 0.01700145 0.024113834
0.0449242 0.65829444 0.05198568 0.07241142
0.27079612 0.6571712 0.051418364 0.07433146
0.15565243 0.15426384 0.086651325 0.12248133
0.24260835 0.15547653 0.08685593 0.12101214
0.33048037 0.15420942 0.08564687 0.12264849
0.41568545 0.15410836 0.08675596 0.12388839
0.50328773 0.15604012 0.08511907 0.121536836
0.58955544 0.15596627 0.08595145 0.12219761
0.6758719 0.15687189 0.08696991 0.11950016
0.76254183 0.15424441 0.08672577 0.12036301
0.15550363 0.27908894 0.086018875 0.12100822
0.24334775 0.27821827 0.08588867 0.1222637
0.32968983 0.2783038 0.08569336 0.11880052
0.41607606 0.2797147 0.08512604 0.118952125
0.50297153 0.28030938 0.08564454 0.11933303
0.58925086 0.27757695 0.08719075 0.12149021
0.6772926 0.27773243 0.08526552 0.12292054
0.7630487 0.27900732 0.0858143 0.11995879
0.15531762 0.39903995 0.0862979 0.12174675
0.24272229 0.4001788 0.086263016 0.12109375
0.32972935 0.39930427 0.08549574 0.12329757
0.41542736 0.39905939 0.08713028 0.124498636
0.5026879 0.40086675 0.08619791 0.12154466
0.59046227 0.40144202 0.08489579 0.119356304
0.67508835 0.4032727 0.0880627 0.119927704
0.7626465 0.40069574 0.086630404 0.121291995
0.15560128 0.5244014 0.086074695 0.11929417
0.24224098 0.52362406 0.086409494 0.12192166
0.32975724 0.52250856 0.08568406 0.12167674
0.41487166 0.52218205 0.08718374 0.12274563
0.50220656 0.52267957 0.08649087 0.121272564
0.5887463 0.52337533 0.0875023 0.12054181
0.6760161 0.5236785 0.0871675 0.11982274
0.76391137 0.5265547 0.08419132 0.115764976
0.29768416 0.11944574 0.01680848 0.024137124
0.32179594 0.12091496 0.01763627 0.020390235
0.3473842 0.12068952 0.016713172 0.022706784
0.37126812 0.118454605 0.01694569 0.025520831
0.3953241 0.12068952 0.017578125 0.022788398
0.42022645 0.11984608 0.017143339 0.022737868
0.4579497 0.11993159 0.017573446 0.023351982
0.48201963 0.119814985 0.017950147 0.023880593
0.5068127 0.11964397 0.01768738 0.023795083
0.5312035 0.1195157 0.016978204 0.02580069
0.55513626 0.119729474 0.018384933 0.023041055
0.58040595 0.11943796 0.017064273 0.024269283
0.6177525 0.11893657 0.018031538 0.024692938
0.6421968 0.119986005 0.017864168 0.022699006
0.6671503 0.11989661 0.01669687 0.023383088
0.69122255 0.120207556 0.017754853 0.024156563
0.71597844 0.12044854 0.016682923 0.022811718
0.7395554 0.11962842 0.017899036 0.024381988
0.03 0.54 0.055 0.096
0.09 0.54 0.055 0.096
